24 24
     399.6   -24.5545   -124.918   -36.2884    92.5937    20.2134    3.36055  0.0721914   0.896278   -3.33977 -0.0153926   0.854726     3.3639  0.0131263  -0.875256    5.21834    65.0746   -137.529   -31.4308   -91.0226    14.5761    -94.028    -19.634    84.5778
  -24.5545     368.08   -2.42449   -14.0177   -198.806     -88.75   -7.64584   -0.48511   -2.67072    7.57737   0.350002   -2.62926   -7.64156  -0.344407    2.67692   -369.045   -136.067   -37.7127    -11.976    200.701   -116.409    -144.48    264.902    -5.6693
  -124.918   -2.42449    306.015    16.4633   -101.832   -82.8835     -1.671    4.62608     11.185    1.74765    -4.3431    11.0604    -1.6399    4.29405   -11.2996    8.86541    -42.333    135.847    10.6811    97.2923   -71.9194    86.5616    38.0232   -143.036
  -36.2884   -14.0177    16.4633    10202.5   -125.722   -309.122    10211.6   -171.148    102.348   -10156.7    243.727    69.4871    10199.4   -232.212   -60.1375    9846.32    3879.83   -1209.42    10295.1    439.839    21.6606   -181.084   -3256.62    266.093
   92.5937   -198.806   -101.832   -125.722    6108.42    64.6817     154.54    3124.82    1809.76   -162.433   -3135.34    1816.16    184.521    3140.56   -1816.37   -4030.72    5513.78    1295.49    156.565   -6107.82    199.803   -4620.14   -1342.42   -700.158
   20.2134     -88.75   -82.8835   -309.122    64.6817    4475.77     -433.9   -3538.63    1658.31    478.112    3548.34    1672.72   -488.257   -3556.09   -1664.49    -2158.2    311.705   -3642.57   -473.923    46.3058    4248.43   -1815.05   -395.296    1376.86
   3.36055   -7.64584     -1.671    10211.6     154.54     -433.9    13988.8   -179.596    68.2261   -10259.3    3.94008    22.7775    10302.6    8.28429   -15.0512    9743.43    4161.97   -1064.19    10346.2    161.871   -131.073   -404.241   -3327.42    230.367
 0.0721914   -0.48511    4.62608   -171.148    3124.82   -3538.63   -179.596    4794.82   -52.3508    -106.81   -4756.53    -67.308    127.857    4763.71     61.719   -593.237    2503.15    3644.43    137.043   -3211.87   -3426.11   -789.847   -228.563   -1417.72
  0.896278   -2.67072     11.185    102.348    1809.76    1658.31    68.2261   -52.3508    2434.67   -34.2638     61.025    2432.54    43.7864   -61.0482   -2426.24    -1197.5    1915.22   -1168.45    114.446   -1794.55    1706.63   -1512.39    -479.52    327.682
  -3.33977    7.57737    1.74765   -10156.7   -162.433    478.112   -10259.3    -106.81   -34.2638      10240    32.0228     47.397   -10254.6    -49.478   -6.41425   -9701.04   -4145.25    1014.32   -10292.2    -152.03     176.41    392.843    3288.26   -208.364
-0.0153926   0.350002    -4.3431    243.727   -3135.34    3548.34    3.94008   -4756.53     61.025    32.0228    4777.58    57.6053   -58.3192   -4783.32   -60.7841    659.139   -2484.52   -3663.58   -65.3077    3225.03    3436.98      779.6    209.358    1434.81
  0.854726   -2.62926    11.0604    69.4871    1816.16    1672.72    22.7775    -67.308    2432.54     47.397    57.6053    2531.56    11.2374   -66.7125   -2440.57   -1239.96    1911.75   -1175.18    80.6201      -1802    1719.73   -1519.51   -502.715    325.163
    3.3639   -7.64156    -1.6399    10199.4    184.521   -488.257    10302.6    127.857    43.7864   -10254.6   -58.3192    11.2374    10300.8    70.2515   -3.37832    9734.34    4182.83   -1008.67    10337.4     131.28   -184.132   -402.283   -3307.43    201.879
 0.0131263  -0.344407    4.29405   -232.212    3140.56   -3556.09    8.28429    4763.71   -61.0482    -49.478   -4783.32   -66.7125    70.2515     4792.1    60.7392   -648.334    2491.35    3667.61    78.0206   -3230.21   -3443.91   -782.591   -208.601   -1435.77
 -0.875256    2.67692   -11.2996   -60.1375   -1816.37   -1664.49   -15.0512     61.719   -2426.24   -6.41425   -60.7841   -2440.57   -3.37832    60.7392    2438.25    1246.26   -1908.87    1166.58   -72.4711    1802.39   -1711.61    1522.73    509.763   -320.738
   5.21834   -369.045    8.86541    9846.32   -4030.72    -2158.2    9743.43   -593.237    -1197.5   -9701.04    659.139   -1239.96    9734.34   -648.334    1246.26    22577.3   -2728.93    818.851    9828.48    4277.41   -1815.85    11388.2   -4287.54   -363.921
   65.0746   -136.067    -42.333    3879.83    5513.78    311.705    4161.97    2503.15    1915.22   -4145.25   -2484.52    1911.75    4182.83    2491.35   -1908.87   -2728.93    7817.48    -93.104     4167.1   -5392.91    530.776   -6918.79   -2147.31   -286.858
  -137.529   -37.7127    135.847   -1209.42    1295.49   -3642.57   -1064.19    3644.43   -1168.45    1014.32   -3663.58   -1175.18   -1008.67    3667.61    1166.58    818.851    -93.104    4118.82   -1021.75   -1417.97   -3523.18    1745.46    117.261   -1705.86
  -31.4308    -11.976    10.6811    10295.1    156.565   -473.923    10346.2    137.043    114.446   -10292.2   -65.3077    80.6201    10337.4    78.0206   -72.4711    9828.48     4167.1   -1021.75    10437.4    160.033   -167.869    -318.54   -3317.89    204.567
  -91.0226    200.701    97.2923    439.839   -6107.82    46.3058    161.871   -3211.87   -1794.55    -152.03    3225.03      -1802     131.28   -3230.21    1802.39    4277.41   -5392.91   -1417.97    160.033    6142.49   -117.027    4550.21    1228.18    759.329
   14.5761   -116.409   -71.9194    21.6606    199.803    4248.43   -131.073   -3426.11    1706.63     176.41    3436.98    1719.73   -184.132   -3443.91   -1711.61   -1815.85    530.776   -3523.18   -167.869   -117.027    4227.01   -1813.28   -516.868    1255.71
   -94.028    -144.48    86.5616   -181.084   -4620.14   -1815.05   -404.241   -789.847   -1512.39    392.843      779.6   -1519.51   -402.283   -782.591    1522.73    11388.2   -6918.79    1745.46    -318.54    4550.21   -1813.28    12215.1   -1037.19   -261.707
   -19.634    264.902    38.0232   -3256.62   -1342.42   -395.296   -3327.42   -228.563    -479.52    3288.26    209.358   -502.715   -3307.43   -208.601    509.763   -4287.54   -2147.31    117.261   -3317.89    1228.18   -516.868   -1037.19    4241.69    74.8715
   84.5778    -5.6693   -143.036    266.093   -700.158    1376.86    230.367   -1417.72    327.682   -208.364    1434.81    325.163    201.879   -1435.77   -320.738   -363.921   -286.858   -1705.86    204.567    759.329    1255.71   -261.707    74.8715    1813.32
