24 24
           1  6.06573e-14 -6.02821e-14    -0.302137     0.941592     0.148712    -0.303463     0.536226     0.787636     0.299306    -0.538656     0.787568    -0.297882     0.538082    -0.788501     -0.70498     0.702526    0.0972597    -0.273024    -0.948495     0.160668    -0.963222     0.106541    -0.246678
 6.06573e-14            1 -5.10696e-14    -0.946178    -0.315206    0.0734305    -0.950357    -0.230003    -0.209569     0.952075     0.223099    -0.209237    -0.952503    -0.222287     0.208148    -0.702811    -0.710406     0.037133    -0.958953     0.281632    0.0330443    0.0837696     0.991347     0.101062
-6.02821e-14 -5.10696e-14            1    -0.116016     0.118521     -0.98615   -0.0687821     0.812131    -0.579405    0.0629991    -0.812449    -0.579617   -0.0632722     0.813052     0.578741    0.0951815    -0.042178     0.994565   -0.0765913     -0.14505    -0.986455     0.255312    0.0766815    -0.963812
   -0.302137    -0.946178    -0.116016            1 -7.40727e-14 -6.43355e-14     0.998875   -0.0386108    0.0275359    -0.998573    0.0459141    0.0272665      0.99858   -0.0465795   -0.0258531     0.866943     0.464805    -0.179906     0.998717    0.0369304    0.0346355     0.182144    -0.979077    0.0907258
    0.941592    -0.315206     0.118521 -7.40727e-14            1 -1.62757e-15   0.00566746     0.673661     0.739018   -0.0108077    -0.673811     0.738825    0.0122519     0.673085    -0.739464    -0.430993      0.88042     0.197752    0.0361124    -0.999061    0.0239519    -0.903109    -0.203072    -0.378359
    0.148712    0.0734305     -0.98615 -6.43355e-14 -1.62757e-15            1   -0.0470839    -0.738031     0.673122    0.0522949     0.737476     0.673346   -0.0518452    -0.738097      -0.6727    -0.250309    0.0939016    -0.963601   -0.0354875    0.0226704     0.999113    -0.388866    0.0130194     0.921202
   -0.303463    -0.950357   -0.0687821     0.998875   0.00566746   -0.0470839            1 -4.66085e-14 -1.05485e-13    -0.999973   0.00732037 -0.000280698     0.999967  -0.00795987   0.00165845      0.87531      0.46485    -0.133213     0.999469    0.0301593   -0.0123099      0.19513     -0.97974    0.0451056
    0.536226    -0.230003     0.812131   -0.0386108     0.673661    -0.738031 -4.66085e-14            1  5.72554e-14  -0.00732029    -0.999973 -0.000284983     0.007961     0.999968 -0.000676673    -0.139081     0.505856     0.851332    0.0119572    -0.691186    -0.722578    -0.328427    -0.108608    -0.938264
    0.787636    -0.209569    -0.579405    0.0275359     0.739018     0.673122 -1.05485e-13  5.72554e-14            1 -0.000282777 -0.000282922            1   0.00165301 -0.000689852    -0.999998    -0.463129     0.726652    -0.507433    0.0303009    -0.722047      0.69118    -0.924153     -0.16827     0.342966
    0.299306     0.952075    0.0629991    -0.998573   -0.0108077    0.0522949    -0.999973  -0.00732029 -0.000282777            1 -6.92598e-14  1.01976e-13    -0.999999  0.000639795  -0.00137068    -0.874138    -0.468746     0.127121    -0.999539   -0.0248946    0.0174036     -0.19246     0.980556    -0.038333
   -0.538656     0.223099    -0.812449    0.0459141    -0.673811     0.737476   0.00732037    -0.999973 -0.000282922 -6.92598e-14            1 -1.07908e-13 -0.000641128    -0.999999  0.000971716     0.145616    -0.502645    -0.852141  -0.00464893     0.691593     0.722273     0.330108      0.10148     0.938472
    0.787568    -0.209237    -0.579617    0.0272665     0.738825     0.673346 -0.000280698 -0.000284983            1  1.01976e-13 -1.07908e-13            1   0.00137005 -0.000972592    -0.999999    -0.463335     0.726378    -0.507638    0.0300169    -0.721859     0.691389    -0.924115    -0.167964     0.343221
   -0.297882    -0.952503   -0.0632722      0.99858    0.0122519   -0.0518452     0.999967     0.007961   0.00165301    -0.999999 -0.000641128   0.00137005            1 -4.74181e-14  1.35943e-13     0.873409     0.470063     -0.12727     0.999582    0.0234622   -0.0169194     0.190982     -0.98085    0.0382015
    0.538082    -0.222287     0.813052   -0.0465795     0.673085    -0.738097  -0.00795987     0.999968 -0.000689852  0.000639795    -0.999999 -0.000972592 -4.74181e-14            1 -1.03177e-13    -0.145724     0.501639     0.852715   0.00398023    -0.690906    -0.722934    -0.329333    -0.100689     -0.93883
   -0.788501     0.208148     0.578741   -0.0258531    -0.739464      -0.6727   0.00165845 -0.000676673    -0.999998  -0.00137068  0.000971716    -0.999999  1.35943e-13 -1.03177e-13            1     0.464674    -0.726223     0.506635   -0.0286514     0.722564     -0.69071     0.924698     0.166718    -0.342256
    -0.70498    -0.702811    0.0951815     0.866943    -0.430993    -0.250309      0.87531    -0.139081    -0.463129    -0.874138     0.145616    -0.463335     0.873409    -0.145724     0.464674            1  1.06009e-13 -2.11691e-13      0.85915      0.45693    -0.230383      0.64448     -0.76454    0.0111387
    0.702526    -0.710406    -0.042178     0.464805      0.88042    0.0939016      0.46485     0.505856     0.726652    -0.468746    -0.502645     0.726378     0.470063     0.501639    -0.726223  1.06009e-13            1  6.43574e-14     0.492671    -0.860298     0.131005    -0.746969    -0.632646    -0.204442
   0.0972597     0.037133     0.994565    -0.179906     0.197752    -0.963601    -0.133213     0.851332    -0.507433     0.127121    -0.852141    -0.507638     -0.12727     0.852715     0.506635 -2.11691e-13  6.43574e-14            1    -0.138338    -0.226056    -0.964241     0.163351     0.123439    -0.978815
   -0.273024    -0.958953   -0.0765913     0.998717    0.0361124   -0.0354875     0.999469    0.0119572    0.0303009    -0.999539  -0.00464893    0.0300169     0.999582   0.00398023   -0.0286514      0.85915     0.492671    -0.138338            1  2.44728e-14 -9.29548e-14     0.163097    -0.985617    0.0442548
   -0.948495     0.281632     -0.14505    0.0369304    -0.999061    0.0226704    0.0301593    -0.691186    -0.722047   -0.0248946     0.691593    -0.721859    0.0234622    -0.690906     0.722564      0.45693    -0.860298    -0.226056  2.44728e-14            1  1.61262e-14     0.900172     0.167019     0.402238
    0.160668    0.0330443    -0.986455    0.0346355    0.0239519     0.999113   -0.0123099    -0.722578      0.69118    0.0174036     0.722273     0.691389   -0.0169194    -0.722934     -0.69071    -0.230383     0.131005    -0.964241 -9.29548e-14  1.61262e-14            1    -0.403844   -0.0257669     0.914465
   -0.963222    0.0837696     0.255312     0.182144    -0.903109    -0.388866      0.19513    -0.328427    -0.924153     -0.19246     0.330108    -0.924115     0.190982    -0.329333     0.924698      0.64448    -0.746969     0.163351     0.163097     0.900172    -0.403844            1 -1.83021e-13  1.72497e-13
    0.106541     0.991347    0.0766815    -0.979077    -0.203072    0.0130194     -0.97974    -0.108608     -0.16827     0.980556      0.10148    -0.167964     -0.98085    -0.100689     0.166718     -0.76454    -0.632646     0.123439    -0.985617     0.167019   -0.0257669 -1.83021e-13            1  9.15218e-14
   -0.246678     0.101062    -0.963812    0.0907258    -0.378359     0.921202    0.0451056    -0.938264     0.342966    -0.038333     0.938472     0.343221    0.0382015     -0.93883    -0.342256    0.0111387    -0.204442    -0.978815    0.0442548     0.402238     0.914465  1.72497e-13  9.15218e-14            1
